im 42 k 9

run_times =

    1.0040    0.0560    0.0270    0.0210    0.0170    0.0130    0.0110    0.0080

mem


run_times =

    1.0560    0.4310    0.2060    0.1250    0.0680    0.0470    0.0350    0.0230

mem


run_times =

    1.2840    3.2220    1.2080    0.5750    0.3480    0.2340    0.1740    0.1320

mem


run_times =

    1.2610    3.3250    3.7610    2.7840    1.2670    0.5330    0.3130    0.1940

mem

im 42 k 3

run_times =

    1.3270    0.2070    0.0910    0.0440    0.0500    0.0190    0.0250    0.0080

mem


run_times =

    2.2060    3.4740    0.5000    0.2440    0.2100    0.1080    0.1100    0.0490

mem


run_times =

    1.6050    5.5690    2.4010    1.1570    0.6710    0.3250    0.2560    0.1160

mem


run_times =

    1.4860    4.3900    4.6000    4.6880    3.3090    1.7260    0.8180    0.3310

ERR

sz =

    16    16


im 42 k 4

run_times =

    1.2630    0.7730    0.3210    0.2470    0.0590    0.0420    0.0420    0.0360


im 42 k 9
2, run time=0.033000
3, run time=0.016000
4, run time=0.013000
5, run time=0.011000
6, run time=0.009000
7, run time=0.009000
8, run time=0.005000
dconv run time=2.699000
2, run time=0.041000
3, run time=0.016000
4, run time=0.013000
5, run time=0.009000
6, run time=0.008000
7, run time=0.006000
8, run time=0.005000
dconv run time=2.377000
2, run time=0.495000
3, run time=0.245000
4, run time=0.146000
5, run time=0.091000
6, run time=0.064000
7, run time=0.051000
8, run time=0.038000
dconv run time=20.203000
2, run time=1.538000
3, run time=0.856000
4, run time=0.389000
5, run time=0.231000
6, run time=0.154000
7, run time=0.123000
8, run time=0.092000
dconv run time=47.295000
2, run time=1.683000
3, run time=1.571000
4, run time=1.305000
5, run time=0.685000
6, run time=0.362000
7, run time=0.230000
8, run time=0.164000
dconv run time=78.808000
im 42 k 3
2, run time=0.161000
3, run time=0.083000
4, run time=0.053000
5, run time=0.059000
6, run time=0.032000
7, run time=0.040000
8, run time=0.022000
dconv run time=0.476000
2, run time=0.081000
3, run time=0.035000
4, run time=0.019000
5, run time=0.018000
6, run time=0.008000
7, run time=0.009000
8, run time=0.004000
dconv run time=0.058000
2, run time=0.796000
3, run time=0.173000
4, run time=0.081000
5, run time=0.073000
6, run time=0.037000
7, run time=0.039000
8, run time=0.017000
dconv run time=0.371000
2, run time=2.056000
3, run time=0.428000
4, run time=0.149000
5, run time=0.100000
6, run time=0.050000
7, run time=0.043000
8, run time=0.020000
dconv run time=0.370000
2, run time=2.780000
3, run time=1.021000
4, run time=0.429000
5, run time=0.197000
6, run time=0.095000
7, run time=0.056000
8, run time=0.024000
dconv run time=0.420000
